@grass1# @bg1# @bg2# @box# @button_create# @button_load# @chair1# @chest# @crates# @darkbg# @exit# @fighter# @gate# @grass2# @grass3# @mainbase# @mario# @path# @resume# @road1# @save# @sidewall1# @sidewall2# @sidewall3# @sidewall4# @stonewall# @table2# @table1# @tree# @wall1# @wall2# 
chair1# (1489.9,152.865) (1649.54,164.919) 
crates# (1098.47,303.537) (1104.49,309.564) (1086.42,285.457) (1116.54,318.604) (1104.49,306.551) (435.832,583.787) (577.394,285.457) (849.663,163.911) 
gate# (842.328,17.2607) 
grass1# (-2.8338,0.404236) (2844.43,-6.84729) (996.545,-2.81244) (1991.68,-7.81201) (-1.40552,998.438) (993.734,961.875) (1963.57,880.313) (524.022,1019.23) (990.923,1158.75) (1884.86,1158.75) (1966.38,928.125) (2174.41,953.438) (-0.427856,1160.31) (2839.02,1163.33) (1198.34,692.27) (2844.8,963.48) 
grass2# (1348.34,836.916) 
grass3# (-3.91553,987.588) (113.551,987.588) (234.03,987.588) (348.485,987.588) (345.473,870.063) (345.473,749.526) (465.952,749.526) (586.43,749.526) (703.897,749.526) (791.244,749.526) (878.591,749.526) (980.998,749.526) (1092.44,749.526) (1191.84,749.526) (1300.27,749.526) (1399.66,749.526) (1399.66,864.037) (1399.66,978.547) (1399.66,1099.08) (1399.66,1219.62) (1508.09,1219.62) (1619.54,1219.62) (1737,1219.62) (1508.09,749.526) (1628.57,749.526) (1737,749.526) (1737,867.05) (1737,981.561) (1737,1093.06) (1737,1171.41) (1797.12,749.526) (929.675,686.244) (929.675,601.868) (433.263,750.13) (348.252,871.873) (346.725,757.319) (551.377,750.18) (140.742,986.962) (1598.13,750.938) (1820.21,750.938) (350.624,750.551) (1398.54,1125) 
mainbase# (1526.16,954.44) 
sidewall2# (1727.85,152.865) 
sidewall4# (336.317,155.879) 
stonewall# (589.323,20.2742) (1330.27,17.2607) (1492.91,14.2473) (1092.32,14.2473) 
table1# (1504.96,252.309) (1664.6,252.309) 
table2# (830.28,746.513) (1505.36,213.75) (1058.39,742.5) (538.331,739.688) 
tree# (1062.32,650.083) (1074.37,553.653) (1161.72,505.438) (1279.18,541.599) (1327.37,632.002) (538.239,628.989) (812.328,628.989) (655.706,894.171) (601.49,858.01) (1336.29,824.862) (1329.3,858.01) (1338.34,984.574) (1339.3,1023.88) (1342.31,1197.43) (1342.31,1254.82) (1851.34,845.956) (1857.36,933.346) (1851.34,1243.73) (1848.33,1153.33) (1550.14,870.063) (1544.12,1077.99) (1646.52,1071.96) (1643.51,870.063) (651.211,503.099) (525.111,503.099) (438.288,503.099) (425.885,618.919) (795.916,507.235) (1333.39,1104.95) 
wall1# (149.575,258.336) 
wall2# (1920.61,330.658) (1917.6,499.411) (1911.58,818.835) 
